MOD_NAME=G:\MyMods\AlternateTechTree\Cerberus Overhaul\Cerberus.txt uninstall script
AUTHOR=PatchUPK
DESCRIPTION=This is automatically generated uninstall script. Do not change anything!

UPK_FILE=xcomstrategygame.upk

OBJECT=XGLocalizedData.OTSTechSummary

REL_OFFSET=16

[MODDED_HEX]
08 00 00 00 


OBJECT=XGLocalizedData.OTSTechNames

REL_OFFSET=16

[MODDED_HEX]
08 00 00 00 


OBJECT=XGLocalizedData.FoundryTechSummary

REL_OFFSET=16

[MODDED_HEX]
30 00 00 00 


OBJECT=XGLocalizedData.FoundryTechNames

REL_OFFSET=16

[MODDED_HEX]
30 00 00 00 


OBJECT=XGTechTree.HasPrereqs

REL_OFFSET=40

[MODDED_HEX]
00 00 00 00 00 00 00 00 00 00 00 00 00 00 00 00 
00 00 00 00 00 00 00 00 00 00 00 00 00 00 00 00 
00 00 00 00 00 00 00 00 00 00 00 00 00 00 00 00 
00 00 00 00 00 00 00 00 00 00 00 00 00 00 00 00 
00 00 00 00 00 00 00 00 00 00 00 00 00 00 00 00 
00 00 00 00 00 00 00 00 00 00 00 00 00 00 00 00 
00 00 00 00 00 00 00 00 00 00 00 00 00 00 00 00 
00 00 00 00 00 00 00 00 00 00 00 00 00 00 00 00 
00 00 00 00 00 00 00 00 00 00 00 00 00 00 00 00 
00 00 00 00 00 00 00 00 00 00 00 00 00 00 00 00 
00 00 00 00 00 00 00 00 00 00 00 00 00 00 00 00 
00 00 00 00 00 00 00 00 00 00 00 00 00 00 00 00 
00 00 00 00 00 00 00 00 00 00 00 00 00 00 00 00 
00 00 00 00 00 00 00 00 00 00 00 00 00 00 00 00 
00 00 00 00 00 00 00 00 00 00 00 00 00 00 00 00 
00 00 00 00 00 00 00 00 00 00 00 00 00 00 00 00 
00 00 00 00 00 00 00 00 00 00 00 00 00 00 00 00 
00 00 00 00 00 00 00 00 00 00 00 00 00 00 00 00 
00 00 00 00 00 00 00 00 00 00 00 00 00 00 00 00 
00 00 00 00 00 00 00 00 00 00 00 00 00 00 00 00 
00 00 00 00 00 00 00 00 00 00 00 00 00 00 00 00 
00 00 00 00 00 00 00 00 00 00 00 00 00 00 00 00 
00 00 00 00 00 00 00 00 00 00 00 00 00 00 00 00 
00 00 00 00 00 00 00 00 00 00 00 00 00 00 00 00 
00 00 00 00 00 00 00 00 00 00 00 00 00 00 00 00 
00 00 00 00 00 00 00 00 00 00 00 00 00 00 00 00 
00 00 00 00 00 00 00 00 00 00 00 00 00 00 00 00 
00 00 00 00 00 00 00 00 00 00 00 00 00 00 00 00 
00 00 00 00 00 00 00 00 00 00 00 00 00 00 00 00 
00 00 00 00 00 00 00 00 00 00 00 00 00 00 00 00 
00 00 00 00 00 00 00 00 00 00 00 00 00 00 00 00 
00 00 00 00 00 00 00 00 00 00 00 00 00 00 00 00 
00 00 00 00 00 00 00 00 00 00 00 00 00 00 00 00 
00 00 00 00 00 00 00 00 00 00 00 00 00 00 00 00 
00 00 00 00 00 00 00 00 00 00 00 00 00 00 00 00 
00 00 00 00 00 00 00 00 00 00 00 00 00 00 00 00 
00 00 00 00 00 00 00 00 00 00 00 00 00 00 00 00 
00 00 00 00 00 00 00 00 00 00 00 00 00 00 00 00 
00 00 00 00 00 00 00 00 00 00 00 00 00 00 00 00 
00 00 00 00 00 00 00 00 00 00 00 00 00 00 00 00 
00 00 00 00 00 00 00 00 00 00 00 00 00 00 00 00 
00 00 00 00 00 00 00 00 00 00 00 00 00 00 00 00 
00 00 00 00 00 00 00 00 00 00 00 00 00 00 00 00 
00 00 00 00 00 00 00 00 00 00 00 00 00 00 00 00 
00 00 00 00 00 00 00 00 00 00 00 00 00 00 00 00 
00 00 00 00 00 00 00 00 00 00 00 00 00 00 00 00 
00 00 00 00 00 00 00 00 00 00 00 00 00 00 00 00 
00 00 00 00 00 00 00 00 00 00 00 00 00 00 00 00 
00 00 00 00 00 00 00 00 00 00 00 00 00 00 00 00 
00 00 00 00 00 00 00 00 00 00 00 00 00 00 00 00 
00 00 00 00 00 00 00 00 00 00 00 00 00 00 00 00 
00 00 00 00 00 00 00 00 00 00 00 00 00 00 00 00 
00 00 00 00 00 00 00 00 00 00 00 00 00 00 00 00 
00 00 00 00 00 00 00 00 00 00 00 00 00 00 00 00 
00 00 00 00 00 00 00 00 00 00 00 00 00 00 00 00 
00 00 00 00 00 00 00 00 00 00 00 00 00 00 00 00 
00 00 00 00 00 00 00 00 00 00 00 00 00 00 00 00 
00 00 00 00 00 00 00 00 00 00 00 00 00 00 00 00 
00 00 00 00 00 00 00 00 00 00 00 00 00 00 00 00 
00 00 00 00 00 00 00 00 00 00 00 00 00 00 00 00 
00 00 00 00 00 00 00 00 00 00 00 00 00 00 00 00 
00 00 00 00 00 00 00 00 00 00 00 00 00 00 00 00 
00 00 00 00 00 00 00 00 00 00 00 00 00 00 00 00 
00 00 00 00 00 00 00 00 00 00 00 00 00 00 00 00 
00 00 00 00 00 00 00 00 00 00 00 00 00 00 00 00 
00 00 00 00 00 00 00 00 00 00 00 00 00 00 00 00 
00 00 00 00 00 00 00 00 00 00 00 00 00 00 00 00 
00 00 00 00 00 00 00 00 00 00 00 00 00 00 00 00 
00 00 00 00 00 00 00 00 00 00 00 00 00 00 00 00 
00 00 00 00 00 00 00 00 00 00 00 00 00 00 00 00 
00 00 00 00 00 00 00 00 00 00 00 00 00 00 00 00 
00 00 00 00 00 00 00 00 00 00 00 00 00 00 00 00 
00 00 00 00 00 00 00 00 00 00 00 00 00 00 00 00 
00 00 00 00 00 00 00 00 00 00 00 00 00 00 00 00 
00 00 00 00 00 00 00 00 00 00 00 00 00 00 00 00 
00 00 00 00 00 00 00 00 00 00 00 00 00 00 00 00 
00 00 00 00 00 00 00 00 00 00 00 00 00 00 00 00 
00 00 00 00 00 00 00 00 00 00 00 00 00 00 00 00 
00 00 00 00 00 00 00 00 00 00 00 00 00 00 00 00 
00 00 00 00 00 00 00 00 00 00 00 00 00 00 00 00 
00 00 00 00 00 00 00 00 00 00 00 00 00 00 00 00 
00 00 00 00 00 00 00 00 00 00 00 00 00 00 00 00 
00 00 00 00 00 00 00 00 00 00 00 00 00 00 00 00 
00 00 00 00 00 00 00 00 00 00 00 00 00 00 00 00 
00 00 00 00 00 00 00 00 00 00 00 00 00 00 00 00 
00 00 00 00 00 00 00 00 00 00 00 00 00 00 00 00 
00 00 00 00 00 00 00 00 00 00 00 00 00 00 00 00 
00 00 00 00 00 00 00 00 00 00 00 00 00 00 00 00 
00 00 00 00 00 00 00 00 00 00 00 00 00 00 00 00 
00 00 00 00 00 00 00 00 00 00 00 00 00 00 00 00 
00 00 00 00 00 00 00 00 00 00 00 00 00 00 00 00 
00 00 00 00 00 00 00 00 00 00 00 00 00 00 00 00 
00 00 00 00 00 00 00 00 00 00 00 00 00 00 00 00 
00 00 00 00 00 00 00 00 00 00 00 00 00 00 00 00 
00 00 00 00 00 00 00 00 00 00 00 00 00 00 00 00 
00 00 00 00 00 00 00 00 00 00 00 00 00 00 00 00 
00 00 00 00 00 00 00 00 00 00 00 00 00 00 00 00 
2D 05 00 00 8D 04 00 00 0F 00 92 54 00 00 1B 10 
30 00 00 00 00 00 00 00 94 54 00 00 16 07 6B 00 
81 2D 35 C9 18 00 00 CD 18 00 00 00 00 00 92 54 
00 00 16 04 82 1B 37 14 00 00 00 00 00 00 00 94 
54 00 00 16 18 14 00 1B 50 14 00 00 00 00 00 00 
00 94 54 00 00 16 16 07 2A 05 82 1B 37 14 00 00 
00 00 00 00 00 94 54 00 00 16 18 14 00 1B 50 14 
00 00 00 00 00 00 00 94 54 00 00 16 16 05 94 54 
00 00 00 00 94 54 00 00 0A D1 00 26 04 19 1B 01 
2F 00 00 00 00 00 00 16 0A 00 C1 4E 00 00 00 1B 
53 14 00 00 00 00 00 00 16 0A 21 01 2C 03 04 82 
19 1B 86 1A 00 00 00 00 00 00 16 0A 00 EC 37 00 
00 00 1B 36 14 00 00 00 00 00 00 16 18 26 00 97 
19 1B 01 2F 00 00 00 00 00 00 16 0C 00 54 4E 00 
00 00 1B C4 12 00 00 00 00 00 00 2C B7 16 25 16 
16 0A 49 01 2C 06 04 19 1B 86 1A 00 00 00 00 00 
00 16 0C 00 6D 38 00 00 00 1B 5E 18 00 00 00 00 
00 00 2C 2C 16 0A 71 01 2C 05 04 19 1B 86 1A 00 
00 00 00 00 00 16 0C 00 6D 38 00 00 00 1B 5E 18 
00 00 00 00 00 00 2C 3B 16 0A 99 01 2C 10 04 19 
1B 86 1A 00 00 00 00 00 00 16 0C 00 6D 38 00 00 
00 1B 5E 18 00 00 00 00 00 00 2C 0C 16 0A C1 01 
2C 11 04 19 1B 86 1A 00 00 00 00 00 00 16 0C 00 
6D 38 00 00 00 1B 5E 18 00 00 00 00 00 00 2C 21 
16 0A E9 01 2C 12 04 19 1B 86 1A 00 00 00 00 00 
00 16 0C 00 6D 38 00 00 00 1B 5E 18 00 00 00 00 
00 00 2C 07 16 0A 11 02 2C 13 04 19 1B 86 1A 00 
00 00 00 00 00 16 0C 00 6D 38 00 00 00 1B 5E 18 
00 00 00 00 00 00 2C 05 16 0A 39 02 2C 16 04 19 
1B 86 1A 00 00 00 00 00 00 16 0C 00 6D 38 00 00 
00 1B 5E 18 00 00 00 00 00 00 2C 15 16 0A 88 02 
2C 18 04 82 19 1B 86 1A 00 00 00 00 00 00 16 0C 
00 6D 38 00 00 00 1B 5E 18 00 00 00 00 00 00 2C 
21 16 18 23 00 19 1B 86 1A 00 00 00 00 00 00 16 
0C 00 6D 38 00 00 00 1B 5E 18 00 00 00 00 00 00 
2C 09 16 16 0A B0 02 2C 1C 04 19 1B 86 1A 00 00 
00 00 00 00 16 0C 00 6D 38 00 00 00 1B 5E 18 00 
00 00 00 00 00 2C 0B 16 0A D8 02 2C 21 04 19 1B 
86 1A 00 00 00 00 00 00 16 0C 00 6D 38 00 00 00 
1B 5E 18 00 00 00 00 00 00 2C 20 16 0A 00 03 2C 
22 04 19 1B 86 1A 00 00 00 00 00 00 16 0C 00 6D 
38 00 00 00 1B 5E 18 00 00 00 00 00 00 2C 31 16 
0A 28 03 2C 33 04 19 1B 86 1A 00 00 00 00 00 00 
16 0C 00 6D 38 00 00 00 1B 5E 18 00 00 00 00 00 
00 2C 2F 16 0A 50 03 2C 39 04 19 1B 86 1A 00 00 
00 00 00 00 16 0C 00 6D 38 00 00 00 1B 5E 18 00 
00 00 00 00 00 2C 2C 16 0A 78 03 2C 3B 04 19 1B 
86 1A 00 00 00 00 00 00 16 0C 00 6D 38 00 00 00 
1B 5E 18 00 00 00 00 00 00 2C 0B 16 0A C7 03 2C 
3C 04 82 19 1B 86 1A 00 00 00 00 00 00 16 0C 00 
6D 38 00 00 00 1B 5E 18 00 00 00 00 00 00 2C 20 
16 18 23 00 19 1B 86 1A 00 00 00 00 00 00 16 0C 
00 6D 38 00 00 00 1B 5E 18 00 00 00 00 00 00 2C 
0A 16 16 0A 16 04 2C 04 04 82 19 1B 86 1A 00 00 
00 00 00 00 16 0C 00 6D 38 00 00 00 1B 5E 18 00 
00 00 00 00 00 2C 0D 16 18 23 00 19 1B 86 1A 00 
00 00 00 00 00 16 0C 00 6D 38 00 00 00 1B 5E 18 
00 00 00 00 00 00 2C 2C 16 16 0A 3E 04 2C 0E 04 
19 1B 86 1A 00 00 00 00 00 00 16 0C 00 6D 38 00 
00 00 1B 5E 18 00 00 00 00 00 00 2C 3C 16 0A 66 
04 2C 1E 04 19 1B 86 1A 00 00 00 00 00 00 16 0C 
00 6D 38 00 00 00 1B 5E 18 00 00 00 00 00 00 2C 
22 16 0A 6B 04 2C 3D 0A 70 04 2C 3E 0A 75 04 2C 
3F 0A 7A 04 2C 40 0A 7F 04 2C 41 0A 84 04 2C 42 
0A 89 04 2C 43 0A 8E 04 2C 44 0A 93 04 2C 45 0A 
98 04 2C 46 0A D0 04 2C 47 04 9B 10 38 3D 93 00 
94 54 00 00 2C 39 16 19 1B 2F 11 00 00 00 00 00 
00 16 09 00 0E 3C 00 00 00 01 0E 3C 00 00 25 16 
0A F8 04 2C 49 04 19 1B 86 1A 00 00 00 00 00 00 
16 0C 00 6D 38 00 00 00 1B 5E 18 00 00 00 00 00 
00 2C 10 16 0A FD 04 2C 4A 0A 25 05 2C 4B 04 19 
1B 86 1A 00 00 00 00 00 00 16 0C 00 6D 38 00 00 
00 1B 5E 18 00 00 00 00 00 00 2C 11 16 0A FF FF 
04 28 04 28 53 


EXPAND_UNDO=XGTechTree.HasPrereqs

OBJECT=XGHeadQuarters.OrderStaff

REL_OFFSET=40

[MODDED_HEX]
00 00 00 00 00 00 00 00 00 00 00 00 00 00 00 00 
00 00 00 00 00 00 00 00 00 00 00 00 00 00 00 00 
00 00 00 00 00 00 00 00 00 00 00 00 00 00 00 00 
00 00 00 00 00 00 00 00 00 00 00 00 00 00 00 00 
00 00 00 00 00 00 00 00 00 00 00 00 00 00 00 00 
00 00 00 00 00 00 00 00 00 00 00 00 00 00 00 00 
00 00 00 00 00 00 00 00 00 00 00 00 00 00 00 00 
00 00 00 00 00 00 00 00 00 00 00 00 00 00 00 00 
00 00 00 00 00 00 00 00 00 00 00 00 00 00 00 00 
00 00 00 00 00 00 00 00 00 00 00 00 00 00 00 00 
00 00 00 00 00 00 00 00 00 00 00 00 00 00 00 00 
00 00 00 00 00 00 00 00 00 00 00 00 00 00 00 00 
00 00 00 00 00 00 00 00 00 00 00 00 00 00 00 00 
00 00 00 00 00 00 00 00 00 00 00 00 00 00 00 00 
00 00 00 78 02 00 00 AC 01 00 00 07 81 00 82 81 
19 01 97 FA FF FF 0C 00 90 FF FF FF 00 1C 0D FD 
FF FF 24 01 16 16 18 24 00 81 19 01 97 FA FF FF 
0C 00 90 FF FF FF 00 1C 0D FD FF FF 24 02 16 16 
16 19 1B 19 13 00 00 00 00 00 00 16 1D 00 00 00 
00 00 00 1B 2D 29 00 00 00 00 00 00 1B 37 29 00 
00 00 00 00 00 00 B6 3F 00 00 16 16 1B D6 00 00 
00 00 00 00 00 24 00 90 8F 35 68 03 00 00 6C 03 
00 00 01 00 1B 78 2E 00 00 00 00 00 00 00 B7 3F 
00 00 16 16 00 B6 3F 00 00 16 4A 16 07 E5 00 9A 
00 B7 3F 00 00 26 16 1B 96 2E 00 00 00 00 00 00 
24 0D 00 B6 3F 00 00 16 0F 00 B4 3F 00 00 25 07 
D0 01 96 00 B4 3F 00 00 36 01 4F 3F 00 00 16 07 
C2 01 82 9A 35 4E 03 00 00 50 03 00 00 00 00 10 
00 B4 3F 00 00 01 4F 3F 00 00 00 B7 3F 00 00 16 
18 4F 00 9A 35 4D 03 00 00 50 03 00 00 00 00 10 
00 B4 3F 00 00 01 4F 3F 00 00 35 64 03 00 00 6C 
03 00 00 01 00 1B 78 2E 00 00 00 00 00 00 00 B7 
3F 00 00 16 16 16 A1 35 4F 03 00 00 50 03 00 00 
00 01 10 00 B4 3F 00 00 01 4F 3F 00 00 00 B6 3F 
00 00 16 04 0B A3 00 B4 3F 00 00 16 06 F0 00 0F 
35 4E 03 00 00 50 03 00 00 00 01 00 B5 3F 00 00 
00 B7 3F 00 00 0F 35 4F 03 00 00 50 03 00 00 00 
01 00 B5 3F 00 00 00 B6 3F 00 00 0F 35 4D 03 00 
00 50 03 00 00 00 01 00 B5 3F 00 00 35 64 03 00 
00 6C 03 00 00 01 00 1B 78 2E 00 00 00 00 00 00 
00 B7 3F 00 00 16 55 01 4F 3F 00 00 0A 00 00 B5 
3F 00 00 16 04 0B 53 


EXPAND_UNDO=XGHeadQuarters.OrderStaff

OBJECT=XGFacility_Barracks.InitNewGame

REL_OFFSET=40

[MODDED_HEX]
8C 02 00 00 34 02 00 00 14 2D 01 B5 31 00 00 27 
0F 01 C0 31 00 00 12 20 2E FE FF FF 09 00 74 FB 
FF FF 00 02 74 FB FF FF 54 01 C8 31 00 00 2C 08 
16 1B 7A 07 00 00 00 00 00 00 25 25 38 3A 19 1B 
8C 14 00 00 00 00 00 00 16 0A 00 73 3F 00 00 00 
1B 2A 12 00 00 00 00 00 00 16 28 16 07 AB 00 81 
1B B6 17 00 00 00 00 00 00 16 16 1B CC 00 00 00 
00 00 00 00 93 12 20 2E FE FF FF 09 00 4E FB FF 
FF 00 02 4E FB FF FF 26 16 28 16 07 00 01 97 19 
1B 8C 14 00 00 00 00 00 00 16 0C 00 98 3F 00 00 
00 1B 28 14 00 00 00 00 00 00 24 24 16 25 16 1B 
CC 00 00 00 00 00 00 00 19 1B 8C 14 00 00 00 00 
00 00 16 0C 00 98 3F 00 00 00 1B 28 14 00 00 00 
00 00 00 24 24 16 28 16 07 5E 01 97 19 1B 8C 14 
00 00 00 00 00 00 16 0C 00 98 3F 00 00 00 1B 28 
14 00 00 00 00 00 00 24 20 16 25 16 1B 7A 07 00 
00 00 00 00 00 92 A7 2C 04 16 26 16 19 1B 8C 14 
00 00 00 00 00 00 16 0C 00 98 3F 00 00 00 1B 28 
14 00 00 00 00 00 00 24 20 16 2C 06 28 16 07 52 
02 97 19 1B 8C 14 00 00 00 00 00 00 16 0C 00 98 
3F 00 00 00 1B 28 14 00 00 00 00 00 00 24 25 16 
25 16 1B 7A 07 00 00 00 00 00 00 2C 01 19 1B 8C 
14 00 00 00 00 00 00 16 0C 00 98 3F 00 00 00 1B 
28 14 00 00 00 00 00 00 24 25 16 A7 2C 24 16 28 
16 1B 7A 07 00 00 00 00 00 00 2C 02 19 1B 8C 14 
00 00 00 00 00 00 16 0C 00 98 3F 00 00 00 1B 28 
14 00 00 00 00 00 00 24 25 16 A7 2C 24 16 28 16 
1B 7A 07 00 00 00 00 00 00 2C 03 19 1B 8C 14 00 
00 00 00 00 00 16 0C 00 98 3F 00 00 00 1B 28 14 
00 00 00 00 00 00 24 25 16 A7 2C 24 16 28 16 1B 
7A 07 00 00 00 00 00 00 2C 04 19 1B 8C 14 00 00 
00 00 00 00 16 0C 00 98 3F 00 00 00 1B 28 14 00 
00 00 00 00 00 24 25 16 A7 2C 24 16 28 16 07 7D 
02 1B 41 18 00 00 00 00 00 00 24 19 16 0F 10 2C 
01 01 C8 31 00 00 26 0F 10 2C 02 01 C8 31 00 00 
26 14 2D 01 B5 31 00 00 28 04 0B 53 


OBJECT=XGFacility_Barracks.HasOTSUpgrade

REL_OFFSET=40

[MODDED_HEX]
00 00 00 00 00 00 00 00 00 00 00 00 00 00 00 00 
00 00 00 00 00 00 00 BC 00 00 00 8C 00 00 00 07 
5B 00 72 19 2E 02 24 00 00 19 12 20 C6 FE FF FF 
0A 00 8F FA FF FF 00 1C 3E FD FF FF 16 09 00 79 
FA FF FF 00 01 79 FA FF FF 0A 00 C2 23 00 00 00 
1B 0C 12 00 00 00 00 00 00 16 2A 16 04 28 04 82 
82 19 1B 8C 14 00 00 00 00 00 00 16 0C 00 9F 3F 
00 00 00 1B 30 14 00 00 00 00 00 00 2C 0C 16 18 
12 00 9B 38 3A 00 BE 32 00 00 38 3A 24 00 16 16 
18 19 00 97 10 38 3A 00 BE 32 00 00 01 C8 31 00 
00 25 16 16 04 3A BD 32 00 00 53 


EXPAND_UNDO=XGFacility_Barracks.HasOTSUpgrade

OBJECT=XGFacility_Barracks.UpdateOTSFlags

REL_OFFSET=40

[MODDED_HEX]
C7 00 00 00 8F 00 00 00 0F 00 C1 32 00 00 25 07 
C4 00 96 00 C1 32 00 00 2C 08 16 07 B6 00 1B 3E 
14 00 00 00 00 00 00 38 3D 00 C1 32 00 00 16 0F 
00 C0 32 00 00 70 1F 4F 54 53 5F 55 6E 6C 6F 63 
6B 5F 00 38 53 00 C1 32 00 00 16 19 2E 55 FE FF 
FF 19 12 20 C6 FE FF FF 0A 00 8F FA FF FF 00 1C 
3E FD FF FF 16 09 00 77 FA FF FF 00 01 77 FA FF 
FF 16 00 00 00 00 00 00 1B 64 09 00 00 00 00 00 
00 38 60 00 C0 32 00 00 4A 16 A5 00 C1 32 00 00 
16 06 0B 00 04 0B 53 


OBJECT=XGBarracksUI.UpdateHiring

REL_OFFSET=40

[MODDED_HEX]
00 00 00 00 00 00 00 00 00 00 00 00 00 00 00 00 
00 00 00 00 00 00 00 00 00 00 00 00 00 00 00 00 
00 00 00 00 00 00 00 00 00 00 00 00 00 00 00 00 
00 00 00 00 00 00 00 00 00 00 00 00 00 00 00 00 
00 00 00 00 00 00 00 00 00 00 00 00 00 00 00 00 
00 00 00 00 00 00 00 00 00 00 00 00 00 00 00 00 
00 00 00 00 00 00 00 00 00 00 00 00 00 00 00 00 
00 00 00 00 00 00 00 00 00 00 00 00 00 00 00 00 
00 00 00 00 00 00 00 00 00 00 00 00 00 00 00 00 
00 00 00 00 00 00 00 00 00 00 00 00 00 00 00 00 
00 00 00 00 00 00 00 00 00 00 00 00 00 00 00 00 
00 00 00 00 00 00 00 00 00 00 00 00 00 00 00 00 
05 05 00 00 51 03 00 00 0F 01 7F 28 00 00 19 1B 
6B 03 00 00 00 00 00 00 16 0A 00 0D 32 00 00 00 
1B DA 12 00 00 00 00 00 00 16 0F 01 7E 28 00 00 
92 19 1B 8C 14 00 00 00 00 00 00 16 0C 00 BF 3F 
00 00 00 1B 63 13 00 00 00 00 00 00 24 01 16 19 
1B 39 0D 00 00 00 00 00 00 16 0A 00 ED 34 00 00 
00 1B D9 12 00 00 00 00 00 00 16 16 0F 00 AD 28 
00 00 92 92 01 7F 28 00 00 01 7E 28 00 00 16 01 
80 28 00 00 16 0F 35 E6 F8 FF FF 97 F9 FF FF 00 
00 35 73 28 00 00 74 28 00 00 00 01 01 81 28 00 
00 1A 2C 06 01 7C 28 00 00 0F 35 EC F8 FF FF 9D 
F9 FF FF 00 00 35 72 28 00 00 74 28 00 00 00 01 
01 81 28 00 00 01 77 28 00 00 0F 35 EB F8 FF FF 
9D F9 FF FF 00 00 35 72 28 00 00 74 28 00 00 00 
01 01 81 28 00 00 70 70 38 53 00 AD 28 00 00 1F 
2F 00 16 38 53 19 1B 8C 14 00 00 00 00 00 00 16 
0A 00 F8 3F 00 00 00 1B 55 13 00 00 00 00 00 00 
16 16 07 DD 01 99 00 AD 28 00 00 19 1B 8C 14 00 
00 00 00 00 00 16 0A 00 F8 3F 00 00 00 1B 55 13 
00 00 00 00 00 00 16 16 0F 35 AC FA FF FF 9D F9 
FF FF 00 00 35 72 28 00 00 74 28 00 00 00 01 01 
81 28 00 00 2C 03 06 0E 02 0F 35 AC FA FF FF 9D 
F9 FF FF 00 00 35 72 28 00 00 74 28 00 00 00 01 
01 81 28 00 00 25 0F 00 AC 28 00 00 90 35 68 03 
00 00 6C 03 00 00 01 00 1B 78 2E 00 00 00 00 00 
00 26 16 01 80 28 00 00 16 14 2D 00 AE 28 00 00 
98 00 AC 28 00 00 1B 24 13 00 00 00 00 00 00 24 
00 16 16 0F 35 EC F8 FF FF 9D F9 FF FF 00 00 35 
71 28 00 00 74 28 00 00 00 01 01 81 28 00 00 01 
76 28 00 00 0F 35 EB F8 FF FF 9D F9 FF FF 00 00 
35 71 28 00 00 74 28 00 00 00 01 01 81 28 00 00 
1B 2C 07 00 00 00 00 00 00 90 35 68 03 00 00 6C 
03 00 00 01 00 1B 78 2E 00 00 00 00 00 00 26 16 
01 80 28 00 00 16 16 07 41 03 2D 00 AE 28 00 00 
0F 35 AC FA FF FF 9D F9 FF FF 00 00 35 71 28 00 
00 74 28 00 00 00 01 01 81 28 00 00 2C 06 06 73 
03 0F 35 AC FA FF FF 9D F9 FF FF 00 00 35 71 28 
00 00 74 28 00 00 00 01 01 81 28 00 00 2C 03 0F 
35 E6 F8 FF FF 97 F9 FF FF 00 00 35 70 28 00 00 
74 28 00 00 00 01 01 81 28 00 00 38 53 01 80 28 
00 00 07 EF 03 2D 00 AE 28 00 00 0F 35 A9 FA FF 
FF 97 F9 FF FF 00 00 35 70 28 00 00 74 28 00 00 
00 01 01 81 28 00 00 25 06 21 04 0F 35 A9 FA FF 
FF 97 F9 FF FF 00 00 35 70 28 00 00 74 28 00 00 
00 01 01 81 28 00 00 2C 03 0F 35 EF F8 FF FF A0 
F9 FF FF 00 00 35 6F 28 00 00 74 28 00 00 00 01 
01 81 28 00 00 01 75 28 00 00 0F 35 AF FA FF FF 
A0 F9 FF FF 00 00 35 6F 28 00 00 74 28 00 00 00 
01 01 81 28 00 00 2C 07 0F 35 AD FA FF FF 9E F9 
FF FF 00 00 35 6E 28 00 00 74 28 00 00 00 01 01 
81 28 00 00 35 5B 03 00 00 6C 03 00 00 01 00 1B 
78 2E 00 00 00 00 00 00 26 16 0F 35 6D 28 00 00 
74 28 00 00 00 01 01 81 28 00 00 1B 27 13 00 00 
00 00 00 00 25 16 04 0B 53 


EXPAND_UNDO=XGBarracksUI.UpdateHiring

OBJECT=XComHeadquartersCheatManager.GiveOTSTech

REL_OFFSET=40

[MODDED_HEX]
2B 01 00 00 D3 00 00 00 0F 00 44 22 00 00 38 60 
70 1F 65 4F 54 53 5F 00 00 46 22 00 00 16 0F 00 
45 22 00 00 25 07 28 01 96 00 45 22 00 00 2C 08 
16 07 1A 01 FE 1C 86 FD FF FF 20 EF FD FF FF 00 
45 22 00 00 16 00 44 22 00 00 16 19 19 19 19 19 
2E 02 24 00 00 19 12 20 C6 FE FF FF 0A 00 8F FA 
FF FF 00 1C 3E FD FF FF 16 09 00 79 FA FF FF 00 
01 79 FA FF FF 0A 00 C2 23 00 00 00 1B 0C 12 00 
00 00 00 00 00 16 0A 00 25 4F 00 00 00 1B 32 12 
00 00 00 00 00 00 16 0A 00 3F 40 00 00 00 1B 5A 
12 00 00 00 00 00 00 16 09 00 C1 37 00 00 00 01 
C1 37 00 00 15 00 00 00 00 00 00 1B 51 01 00 00 
00 00 00 00 38 3D 00 45 22 00 00 16 04 0B A5 00 
45 22 00 00 16 06 29 00 04 0B 53 


OBJECT=XGTechTree.ApplyOTSTech

REL_OFFSET=40

[MODDED_HEX]
00 00 00 00 00 00 00 00 00 00 00 00 00 00 00 00 
00 00 00 00 00 00 00 AB 01 00 00 7F 01 00 00 A1 
10 38 3A 00 4F 55 00 00 19 1B 6B 03 00 00 00 00 
00 00 16 09 00 C8 31 00 00 00 01 C8 31 00 00 26 
16 05 4F 55 00 00 00 00 4F 55 00 00 0A 46 00 24 
01 0A 4E 00 24 02 06 26 01 0A 78 00 24 03 19 1B 
6B 03 00 00 00 00 00 00 16 0C 00 00 00 00 00 00 
1B EF 33 00 00 00 00 00 00 24 01 16 06 26 01 0A 
A2 00 24 04 19 1B 6B 03 00 00 00 00 00 00 16 0C 
00 00 00 00 00 00 1B EF 33 00 00 00 00 00 00 24 
02 16 06 26 01 0A CC 00 24 05 19 1B 6B 03 00 00 
00 00 00 00 16 0C 00 00 00 00 00 00 1B EF 33 00 
00 00 00 00 00 24 03 16 06 26 01 0A F6 00 24 06 
19 1B 6B 03 00 00 00 00 00 00 16 0C 00 00 00 00 
00 00 1B EF 33 00 00 00 00 00 00 24 04 16 06 26 
01 0A 20 01 24 07 19 1B 6B 03 00 00 00 00 00 00 
16 0C 00 00 00 00 00 00 1B EF 33 00 00 00 00 00 
00 24 05 16 06 26 01 0A FF FF 06 26 01 19 1B 6B 
03 00 00 00 00 00 00 16 0A 00 00 00 00 00 00 1B 
67 34 00 00 00 00 00 00 16 04 0B 0B 0B 0B 0B 0B 
0B 0B 0B 0B 0B 0B 0B 0B 0B 0B 0B 0B 0B 0B 0B 0B 
0B 0B 0B 0B 0B 0B 0B 0B 0B 0B 0B 0B 0B 0B 0B 0B 
0B 0B 0B 0B 0B 0B 0B 0B 0B 0B 0B 0B 0B 0B 0B 0B 
0B 0B 0B 0B 0B 0B 0B 0B 0B 0B 0B 0B 0B 0B 0B 0B 
0B 0B 0B 0B 0B 0B 0B 0B 0B 0B 0B 0B 0B 0B 0B 0B 
0B 0B 0B 0B 0B 0B 0B 0B 0B 0B 0B 0B 0B 53 


EXPAND_UNDO=XGTechTree.ApplyOTSTech

OBJECT=XGTechTree.HasOTSPrereqs

REL_OFFSET=40

[MODDED_HEX]
00 00 00 00 00 00 00 00 00 00 00 00 00 00 87 02 
00 00 EB 01 00 00 07 B4 00 97 19 1B 8C 14 00 00 
00 00 00 00 16 0C 00 98 3F 00 00 00 1B 28 14 00 
00 00 00 00 00 24 32 16 2C 00 16 14 2D 00 38 55 
00 00 99 19 1B 6B 03 00 00 00 00 00 00 16 0A 00 
50 33 00 00 00 1B C6 12 00 00 00 00 00 00 16 38 
44 AB 38 3F 35 4E 25 00 00 51 25 00 00 00 00 10 
00 3B 55 00 00 01 78 54 00 00 AF 38 3F 26 AC 38 
3F 19 1B 8C 14 00 00 00 00 00 00 16 0C 00 98 3F 
00 00 00 1B 28 14 00 00 00 00 00 00 24 32 16 38 
3F 2C 64 16 16 16 16 06 07 01 14 2D 00 38 55 00 
00 99 19 1B 6B 03 00 00 00 00 00 00 16 0A 00 50 
33 00 00 00 1B C6 12 00 00 00 00 00 00 16 35 4E 
25 00 00 51 25 00 00 00 00 10 00 3B 55 00 00 01 
78 54 00 00 16 07 F4 01 81 2D 00 38 55 00 00 16 
07 B4 01 97 19 1B 8C 14 00 00 00 00 00 00 16 0C 
00 98 3F 00 00 00 1B 28 14 00 00 00 00 00 00 24 
32 16 2C 00 16 0F 48 3A 55 00 00 70 01 73 54 00 
00 38 53 38 44 AB 38 3F 35 4E 25 00 00 51 25 00 
00 00 00 10 00 3B 55 00 00 01 78 54 00 00 AF 38 
3F 26 AC 38 3F 19 1B 8C 14 00 00 00 00 00 00 16 
0C 00 98 3F 00 00 00 1B 28 14 00 00 00 00 00 00 
24 32 16 38 3F 2C 64 16 16 16 16 06 F1 01 0F 48 
3A 55 00 00 70 01 73 54 00 00 38 53 35 4E 25 00 
00 51 25 00 00 00 00 10 00 3B 55 00 00 01 78 54 
00 00 16 06 71 02 07 71 02 84 9A 00 3B 55 00 00 
2C 02 16 18 0E 00 99 00 3B 55 00 00 2C 04 16 16 
14 2D 00 38 55 00 00 19 1B 6B 03 00 00 00 00 00 
00 16 0C 00 BD 32 00 00 00 1B 3E 14 00 00 00 00 
00 00 38 3D 93 00 3B 55 00 00 26 16 16 07 71 02 
81 2D 00 38 55 00 00 16 0F 48 3A 55 00 00 01 72 
54 00 00 04 2D 00 38 55 00 00 04 3A 39 55 00 00 
53 


EXPAND_UNDO=XGTechTree.HasOTSPrereqs

OBJECT=XGTechTree.BuildFoundryTechs

REL_OFFSET=40

[MODDED_HEX]
3C 04 00 00 38 04 00 00 54 01 79 54 00 00 2C 30 
16 1B 1C 05 00 00 00 00 00 00 24 01 2C 00 2C 00 
4A 4A 4A 4A 4A 2C 0C 16 1B 1C 05 00 00 00 00 00 
00 24 02 2C 00 2C 00 4A 4A 4A 4A 4A 2C 09 16 1B 
1C 05 00 00 00 00 00 00 24 03 2C 00 2C 00 4A 4A 
4A 4A 4A 2C 03 16 1B 1C 05 00 00 00 00 00 00 24 
04 2C 00 2C 00 4A 4A 4A 4A 4A 2C 04 16 1B 1C 05 
00 00 00 00 00 00 24 05 2C 00 2C 00 4A 4A 4A 4A 
4A 2C 0B 16 1B 1C 05 00 00 00 00 00 00 24 06 2C 
00 2C 00 4A 4A 4A 4A 4A 2C 06 16 1B 1C 05 00 00 
00 00 00 00 24 07 2C 00 2C 00 4A 4A 4A 4A 4A 2C 
07 16 1B 1C 05 00 00 00 00 00 00 24 08 2C 00 2C 
00 4A 4A 4A 4A 4A 2C 01 16 1B 1C 05 00 00 00 00 
00 00 24 09 2C 00 2C 00 4A 4A 4A 4A 4A 2C 02 16 
1B 1C 05 00 00 00 00 00 00 24 0A 2C 00 2C 00 4A 
4A 4A 4A 4A 2C 05 16 1B 1C 05 00 00 00 00 00 00 
24 0B 2C 00 2C 00 4A 4A 4A 4A 4A 2C 08 16 1B 1C 
05 00 00 00 00 00 00 24 0C 2C 00 2C 00 4A 4A 4A 
4A 4A 2C 0B 16 1B 1C 05 00 00 00 00 00 00 24 0D 
2C 00 2C 00 4A 4A 4A 4A 4A 2C 0C 16 1B 1C 05 00 
00 00 00 00 00 24 0E 2C 00 2C 00 4A 4A 4A 4A 4A 
2C 0D 16 1B 1C 05 00 00 00 00 00 00 24 0F 2C 00 
2C 00 4A 4A 4A 4A 4A 2C 0E 16 1B 1C 05 00 00 00 
00 00 00 24 10 2C 00 2C 00 4A 4A 4A 4A 4A 2C 0F 
16 1B 1C 05 00 00 00 00 00 00 24 11 2C 00 2C 00 
4A 4A 4A 4A 4A 2C 10 16 1B 1C 05 00 00 00 00 00 
00 24 12 2C 00 2C 00 4A 4A 4A 4A 4A 2C 11 16 1B 
1C 05 00 00 00 00 00 00 24 13 2C 00 2C 00 4A 4A 
4A 4A 4A 2C 14 16 1B 1C 05 00 00 00 00 00 00 24 
14 2C 00 2C 00 4A 4A 4A 4A 4A 2C 17 16 1B 1C 05 
00 00 00 00 00 00 24 15 2C 00 2C 00 4A 4A 4A 4A 
4A 2C 12 16 1B 1C 05 00 00 00 00 00 00 24 16 2C 
00 2C 00 4A 4A 4A 4A 4A 2C 13 16 1B 1C 05 00 00 
00 00 00 00 24 17 2C 00 2C 00 4A 4A 4A 4A 4A 2C 
15 16 1B 1C 05 00 00 00 00 00 00 24 18 2C 00 2C 
00 4A 4A 4A 4A 4A 2C 16 16 1B 1C 05 00 00 00 00 
00 00 24 19 2C 00 2C 00 4A 4A 4A 4A 4A 2C 04 16 
1B 1C 05 00 00 00 00 00 00 24 1A 2C 00 2C 00 4A 
4A 4A 4A 4A 2C 0B 16 1B 1C 05 00 00 00 00 00 00 
24 1B 2C 00 2C 00 4A 4A 4A 4A 4A 2C 0B 16 1B 1C 
05 00 00 00 00 00 00 24 1C 2C 00 2C 00 4A 4A 4A 
4A 4A 2C 0B 16 1B 1C 05 00 00 00 00 00 00 24 1D 
2C 00 2C 00 4A 4A 4A 4A 4A 2C 15 16 1B 1C 05 00 
00 00 00 00 00 24 1E 2C 00 2C 00 4A 4A 4A 4A 4A 
2C 03 16 1B 1C 05 00 00 00 00 00 00 24 1F 2C 00 
2C 00 4A 4A 4A 4A 4A 2C 0B 16 1B 1C 05 00 00 00 
00 00 00 24 20 2C 00 2C 00 4A 4A 4A 4A 4A 2C 0B 
16 1B 1C 05 00 00 00 00 00 00 24 21 2C 00 2C 00 
4A 4A 4A 4A 4A 2C 14 16 1B 1C 05 00 00 00 00 00 
00 24 22 2C 00 2C 00 4A 4A 4A 4A 4A 2C 06 16 1B 
1C 05 00 00 00 00 00 00 24 23 2C 00 2C 00 4A 4A 
4A 4A 4A 2C 10 16 1B 1C 05 00 00 00 00 00 00 24 
24 2C 00 2C 00 4A 4A 4A 4A 4A 2C 12 16 1B 1C 05 
00 00 00 00 00 00 24 25 2C 00 2C 00 4A 4A 4A 4A 
4A 2C 0B 16 1B 1C 05 00 00 00 00 00 00 24 26 2C 
00 2C 00 4A 4A 4A 4A 4A 2C 14 16 1B 1C 05 00 00 
00 00 00 00 24 27 24 00 24 00 4A 4A 4A 4A 4A 2C 
04 16 1B 1C 05 00 00 00 00 00 00 24 28 24 00 24 
00 4A 4A 4A 4A 4A 2C 11 16 1B 1C 05 00 00 00 00 
00 00 24 29 24 00 24 00 4A 4A 4A 4A 4A 2C 13 16 
1B 1C 05 00 00 00 00 00 00 24 2A 24 00 24 00 4A 
4A 4A 4A 4A 2C 11 16 1B 1C 05 00 00 00 00 00 00 
24 2B 24 00 24 00 4A 4A 4A 4A 4A 2C 13 16 1B 1C 
05 00 00 00 00 00 00 24 2C 24 00 24 00 4A 4A 4A 
4A 4A 2C 13 16 1B 1C 05 00 00 00 00 00 00 24 2D 
24 00 24 00 4A 4A 4A 4A 4A 2C 13 16 1B 1C 05 00 
00 00 00 00 00 24 2E 24 00 24 00 4A 4A 4A 4A 4A 
2C 13 16 1B 59 03 00 00 00 00 00 00 16 04 0B 53 


OBJECT=XGItemTree.GetItemSalePrice

REL_OFFSET=40

[MODDED_HEX]
00 00 00 00 00 00 00 00 00 00 00 00 00 00 00 00 
00 00 00 00 00 00 00 00 00 00 00 00 00 00 00 00 
00 00 00 00 00 00 00 00 00 00 00 00 00 00 00 00 
00 00 00 00 00 00 00 00 00 00 00 00 00 00 00 00 
71 01 00 00 19 01 00 00 0F 00 0E 43 00 00 35 68 
03 00 00 6C 03 00 00 00 00 10 38 3A 00 10 43 00 
00 01 92 42 00 00 07 77 00 9B 35 64 03 00 00 6C 
03 00 00 00 00 10 38 3A 00 10 43 00 00 01 92 42 
00 00 1D FF FF FF FF 16 9F 00 0E 43 00 00 1E CD 
CC CC 3E 16 06 D5 00 07 D5 00 1B 41 18 00 00 00 
00 00 00 24 09 16 07 D5 00 84 96 38 3A 00 10 43 
00 00 2C A1 16 18 10 00 97 38 3A 00 10 43 00 00 
2C A4 16 16 A0 00 0E 43 00 00 12 20 2E FE FF FF 
09 00 A0 FD FF FF 00 02 A0 FD FF FF 16 07 66 01 
97 19 1B 8C 14 00 00 00 00 00 00 16 0C 00 98 3F 
00 00 00 1B 28 14 00 00 00 00 00 00 24 2F 16 2C 
00 16 07 66 01 19 1B 39 0D 00 00 00 00 00 00 16 
0C 00 DA 35 00 00 00 1B B8 17 00 00 00 00 00 00 
38 3A 00 10 43 00 00 16 9F 00 0E 43 00 00 AE 38 
3F 26 AC 38 3F 19 1B 8C 14 00 00 00 00 00 00 16 
0C 00 98 3F 00 00 00 1B 28 14 00 00 00 00 00 00 
24 2F 16 38 3F 2C 64 16 16 16 04 00 0E 43 00 00 
53 


EXPAND_UNDO=XGItemTree.GetItemSalePrice

OBJECT=XGTechTree.GetCompletedFoundryTechs

REL_OFFSET=40

[MODDED_HEX]
CD 00 00 00 95 00 00 00 0F 00 0A 55 00 00 25 07 
B8 00 96 00 0A 55 00 00 2C 30 16 07 2D 00 9A 00 
0A 55 00 00 25 16 06 AA 00 07 5D 00 7A 35 41 25 
00 00 42 25 00 00 00 00 10 00 0A 55 00 00 01 79 
54 00 00 1F 00 16 06 AA 00 07 AA 00 19 1B 39 0D 
00 00 00 00 00 00 16 13 00 E6 35 00 00 00 1B EC 
17 00 00 00 00 00 00 00 0A 55 00 00 16 55 00 0B 
55 00 00 15 00 1B 04 12 00 00 00 00 00 00 00 0A 
55 00 00 4A 16 16 A5 00 0A 55 00 00 16 06 0B 00 
04 00 0B 55 00 00 04 3A 0C 55 00 00 53 


OBJECT=XGTechTree.GetAvailableFoundryTechs

REL_OFFSET=40

[MODDED_HEX]
34 01 00 00 E4 00 00 00 0F 00 04 55 00 00 25 07 
1F 01 96 00 04 55 00 00 2C 30 16 07 2D 00 9A 00 
04 55 00 00 25 16 06 11 01 07 5D 00 7A 35 41 25 
00 00 42 25 00 00 00 00 10 00 04 55 00 00 01 79 
54 00 00 1F 00 16 06 11 01 07 11 01 82 81 19 1B 
39 0D 00 00 00 00 00 00 16 13 00 E6 35 00 00 00 
1B EC 17 00 00 00 00 00 00 00 04 55 00 00 16 16 
18 14 00 1B 33 14 00 00 00 00 00 00 00 04 55 00 
00 16 16 07 11 01 81 19 1B 39 0D 00 00 00 00 00 
00 16 32 00 C3 34 00 00 00 1B EB 17 00 00 00 00 
00 00 38 3D 35 40 25 00 00 42 25 00 00 00 00 10 
00 04 55 00 00 01 79 54 00 00 16 16 55 00 05 55 
00 00 15 00 1B 04 12 00 00 00 00 00 00 00 04 55 
00 00 4A 16 16 A5 00 04 55 00 00 16 06 0B 00 04 
00 05 55 00 00 04 3A 06 55 00 00 53 


OBJECT=XGOTSUI.BuildTechList

REL_OFFSET=40

[MODDED_HEX]
FC 00 00 00 C0 00 00 00 40 01 CD 46 00 00 25 36 
01 CD 46 00 00 16 0F 00 DE 46 00 00 25 07 F9 00 
96 00 DE 46 00 00 2C 08 16 07 43 00 9A 00 DE 46 
00 00 25 16 06 EB 00 07 AA 00 19 1B 6B 03 00 00 
00 00 00 00 16 15 00 BD 32 00 00 00 1B 3E 14 00 
00 00 00 00 00 38 3D 00 DE 46 00 00 16 55 01 CD 
46 00 00 2A 00 19 1B 17 30 00 00 00 00 00 00 16 
13 00 FF 54 00 00 00 1B E6 12 00 00 00 00 00 00 
00 DE 46 00 00 16 16 06 EB 00 57 01 CD 46 00 00 
35 00 A5 00 DD 46 00 00 16 19 1B 17 30 00 00 00 
00 00 00 16 13 00 FF 54 00 00 00 1B E6 12 00 00 
00 00 00 00 00 DE 46 00 00 16 16 A5 00 DE 46 00 
00 16 06 21 00 04 0B 53 


OBJECT=XGTechTree.GetAvailableOTSTechs

REL_OFFSET=40

[MODDED_HEX]
A1 00 00 00 79 00 00 00 0F 00 4A 55 00 00 25 07 
8C 00 96 00 4A 55 00 00 2C 08 16 07 2D 00 9A 00 
4A 55 00 00 25 16 06 7E 00 07 5E 00 19 1B 6B 03 
00 00 00 00 00 00 16 15 00 BD 32 00 00 00 1B 3E 
14 00 00 00 00 00 00 38 3D 00 4A 55 00 00 16 06 
7E 00 55 00 4B 55 00 00 14 00 1B E6 12 00 00 00 
00 00 00 00 4A 55 00 00 16 16 A5 00 4A 55 00 00 
16 06 0B 00 04 00 4B 55 00 00 04 3A 4C 55 00 00 
53 


OBJECT=XGFacility_Barracks.AddNewSoldier

REL_OFFSET=40

[MODDED_HEX]
00 00 00 00 00 00 00 00 00 00 00 00 00 00 00 00 
00 00 00 00 00 00 00 00 00 00 00 00 00 00 00 00 
00 00 00 00 00 00 00 00 00 00 00 00 00 00 00 00 
00 00 00 00 00 00 00 00 00 00 00 00 00 00 00 00 
00 00 00 00 00 00 00 00 00 00 00 00 00 00 00 00 
00 00 00 00 00 00 00 00 00 00 00 00 00 00 00 00 
00 00 00 00 00 00 00 00 00 00 00 00 00 00 00 00 
00 00 00 00 00 00 00 00 00 00 00 00 00 00 00 00 
00 00 00 00 00 49 01 00 00 FD 00 00 00 49 02 00 
28 15 49 02 00 28 15 0F 35 CB FA FF FF A5 F9 FF 
FF 00 01 19 00 CA 32 00 00 09 00 60 53 00 00 00 
01 60 53 00 00 A5 01 C4 31 00 00 16 06 AD 00 82 
1B 3E 14 00 00 00 00 00 00 24 03 16 18 0D 00 81 
2D 00 C8 32 00 00 16 16 07 AD 00 9A 19 00 CA 32 
00 00 0A 00 74 53 00 00 00 1B 16 13 00 00 00 00 
00 00 16 25 16 19 00 CA 32 00 00 0C 00 00 00 00 
00 00 1B C1 1A 00 00 00 00 00 00 4A 4A 16 1B 69 
34 00 00 00 00 00 00 00 CA 32 00 00 16 1B 2F 34 
00 00 00 00 00 00 00 CA 32 00 00 16 1B 9A 25 00 
00 00 00 00 00 00 CA 32 00 00 16 55 01 CC 31 00 
00 0A 00 00 CA 32 00 00 16 07 15 01 81 2D 00 C9 
32 00 00 16 1B A3 29 00 00 00 00 00 00 16 07 46 
01 96 1B 99 2E 00 00 00 00 00 00 24 5E 16 36 01 
CC 31 00 00 16 1B 9D 2E 00 00 00 00 00 00 24 5E 
36 01 CC 31 00 00 16 04 0B 53 


EXPAND_UNDO=XGFacility_Barracks.AddNewSoldier

OBJECT=XGFacility_Barracks.DetermineTimeOut

REL_OFFSET=40

[MODDED_HEX]
00 00 00 00 00 00 00 00 00 00 00 00 00 00 00 00 
00 00 00 00 00 00 00 00 00 00 00 00 00 00 00 00 
00 00 00 00 00 00 00 00 00 00 00 00 00 00 00 00 
00 00 00 00 00 00 00 00 00 00 00 00 00 00 00 00 
00 00 00 00 00 00 00 00 00 00 00 00 00 00 00 00 
00 00 00 00 00 00 00 00 00 00 00 00 00 00 00 00 
00 00 00 00 00 00 00 00 00 00 91 0D 00 00 A1 09 
00 00 0F 19 00 B2 32 00 00 09 00 5A 53 00 00 00 
01 5A 53 00 00 25 07 6D 00 19 00 B2 32 00 00 0A 
00 BF 53 00 00 00 1B 8C 17 00 00 00 00 00 00 16 
A1 19 00 B2 32 00 00 09 00 5A 53 00 00 00 01 5A 
53 00 00 92 2C 18 A7 2C 18 16 16 16 06 CB 06 07 
4E 01 19 00 B2 32 00 00 0A 00 C1 53 00 00 00 1B 
93 17 00 00 00 00 00 00 16 07 23 01 82 84 19 00 
B2 32 00 00 0A 00 52 53 00 00 00 2D 01 52 53 00 
00 18 20 00 19 00 B2 32 00 00 0A 00 B3 53 00 00 
00 1B 0A 18 00 00 00 00 00 00 16 16 18 24 00 97 
19 00 B2 32 00 00 0B 00 71 53 00 00 00 1B B5 11 
00 00 00 00 00 00 25 16 25 16 16 A1 19 00 B2 32 
00 00 09 00 5A 53 00 00 00 01 5A 53 00 00 2C 90 
16 0B 06 4B 01 A1 19 00 B2 32 00 00 09 00 5A 53 
00 00 00 01 5A 53 00 00 92 2C 78 A7 2C 18 16 16 
16 06 F5 05 07 E2 01 82 84 19 00 B2 32 00 00 0A 
00 52 53 00 00 00 2D 01 52 53 00 00 18 20 00 19 
00 B2 32 00 00 0A 00 B3 53 00 00 00 1B 0A 18 00 
00 00 00 00 00 16 16 18 24 00 97 19 00 B2 32 00 
00 0B 00 71 53 00 00 00 1B B5 11 00 00 00 00 00 
00 25 16 25 16 16 A1 19 00 B2 32 00 00 09 00 5A 
53 00 00 00 01 5A 53 00 00 2C 90 16 0B 06 0A 02 
A1 19 00 B2 32 00 00 09 00 5A 53 00 00 00 01 5A 
53 00 00 92 2C 60 A7 2C 30 16 16 16 07 C8 02 97 
19 1B 8C 14 00 00 00 00 00 00 16 0C 00 98 3F 00 
00 00 1B 28 14 00 00 00 00 00 00 24 07 16 2C 00 
16 A1 19 00 B2 32 00 00 09 00 5A 53 00 00 00 01 
5A 53 00 00 38 44 AB AF 38 3F 26 AC 38 3F 19 1B 
8C 14 00 00 00 00 00 00 16 0C 00 98 3F 00 00 00 
1B 28 14 00 00 00 00 00 00 24 07 16 38 3F 2C 64 
16 16 90 12 20 2E FE FF FF 09 00 13 FB FF FF 00 
02 13 FB FF FF 19 00 B2 32 00 00 0A 00 44 54 00 
00 00 1B E2 24 00 00 00 00 00 00 16 16 16 16 06 
27 03 A1 19 00 B2 32 00 00 09 00 5A 53 00 00 00 
01 5A 53 00 00 90 12 20 2E FE FF FF 09 00 13 FB 
FF FF 00 02 13 FB FF FF 19 00 B2 32 00 00 0A 00 
44 54 00 00 00 1B E2 24 00 00 00 00 00 00 16 16 
16 0F 00 B1 32 00 00 25 07 F5 05 96 00 B1 32 00 
00 36 12 20 2E FE FF FF 09 00 D1 FF FF FF 00 02 
D1 FF FF FF 16 07 E7 05 97 1A 35 F3 FE FF FF A7 
F9 FF FF 00 00 10 00 B1 32 00 00 12 20 2E FE FF 
FF 09 00 D1 FF FF FF 00 02 D1 FF FF FF 35 FE FA 
FF FF AF F9 FF FF 00 00 19 00 B2 32 00 00 09 00 
61 53 00 00 00 01 61 53 00 00 25 16 07 8C 04 97 
19 1B 8C 14 00 00 00 00 00 00 16 0C 00 98 3F 00 
00 00 1B 28 14 00 00 00 00 00 00 24 07 16 2C 00 
16 A1 19 00 B2 32 00 00 09 00 5A 53 00 00 00 01 
5A 53 00 00 38 44 AB AF 38 3F 26 AC 38 3F 19 1B 
8C 14 00 00 00 00 00 00 16 0C 00 98 3F 00 00 00 
1B 28 14 00 00 00 00 00 00 24 07 16 38 3F 2C 64 
16 16 35 CF FA FF FF A7 F9 FF FF 00 00 10 00 B1 
32 00 00 12 20 2E FE FF FF 09 00 D1 FF FF FF 00 
02 D1 FF FF FF 16 16 06 E7 05 07 8C 05 97 19 1B 
8C 14 00 00 00 00 00 00 16 0C 00 98 3F 00 00 00 
1B 28 14 00 00 00 00 00 00 24 2A 16 2C 00 16 07 
8C 05 97 35 D2 FA FF FF A7 F9 FF FF 00 00 10 00 
B1 32 00 00 12 20 2E FE FF FF 09 00 D1 FF FF FF 
00 02 D1 FF FF FF 25 16 A1 19 00 B2 32 00 00 09 
00 5A 53 00 00 00 01 5A 53 00 00 38 44 AB AF 38 
3F 26 AC 38 3F 19 1B 8C 14 00 00 00 00 00 00 16 
0C 00 98 3F 00 00 00 1B 28 14 00 00 00 00 00 00 
24 2A 16 38 3F 2C 64 16 16 35 CF FA FF FF A7 F9 
FF FF 00 00 10 00 B1 32 00 00 12 20 2E FE FF FF 
09 00 D1 FF FF FF 00 02 D1 FF FF FF 16 16 06 E7 
05 0B 0B 0B 0B 0B A1 19 00 B2 32 00 00 09 00 5A 
53 00 00 00 01 5A 53 00 00 35 CF FA FF FF A7 F9 
FF FF 00 00 10 00 B1 32 00 00 12 20 2E FE FF FF 
09 00 D1 FF FF FF 00 02 D1 FF FF FF 16 A3 00 B1 
32 00 00 16 06 32 03 07 AA 06 19 00 B2 32 00 00 
0A 00 52 53 00 00 00 2D 01 52 53 00 00 07 A7 06 
97 19 00 B2 32 00 00 0B 00 71 53 00 00 00 1B B5 
11 00 00 00 00 00 00 25 16 25 16 0F 1A 25 19 00 
B2 32 00 00 09 00 5F 53 00 00 00 01 5F 53 00 00 
FA 93 1A 25 19 00 B2 32 00 00 09 00 5F 53 00 00 
00 01 5F 53 00 00 2C 01 16 93 26 19 00 B2 32 00 
00 0B 00 6E 53 00 00 00 1B 77 12 00 00 00 00 00 
00 25 16 16 16 06 CB 06 14 19 00 B2 32 00 00 0A 
00 52 53 00 00 00 2D 01 52 53 00 00 27 A1 19 00 
B2 32 00 00 09 00 5A 53 00 00 00 01 5A 53 00 00 
90 19 00 B2 32 00 00 0B 00 6E 53 00 00 00 1B 77 
12 00 00 00 00 00 00 2C 0F 16 12 20 2E FE FF FF 
09 00 6D FB FF FF 00 02 6D FB FF FF 16 16 9F 19 
00 B2 32 00 00 09 00 5A 53 00 00 00 01 5A 53 00 
00 AC 38 3F 12 20 2E FE FF FF 09 00 1C FB FF FF 
00 02 1C FB FF FF 38 3F 2C 64 16 16 07 EE 07 97 
1A 2C 7A 35 FE FA FF FF AF F9 FF FF 00 00 19 00 
B2 32 00 00 09 00 61 53 00 00 00 01 61 53 00 00 
25 16 A2 19 00 B2 32 00 00 09 00 5A 53 00 00 00 
01 5A 53 00 00 F9 2C 18 19 00 B2 32 00 00 09 00 
5A 53 00 00 00 01 5A 53 00 00 16 16 07 68 08 9A 
35 E3 FA FF FF A8 F9 FF FF 01 00 19 00 B2 32 00 
00 0A 00 4A 54 00 00 00 1B 41 12 00 00 00 00 00 
00 16 2C 41 16 0F 19 00 B2 32 00 00 09 00 5A 53 
00 00 00 01 5A 53 00 00 25 14 19 00 B2 32 00 00 
0A 00 52 53 00 00 00 2D 01 52 53 00 00 28 07 37 
0C 82 19 00 B2 32 00 00 0A 00 B3 53 00 00 00 1B 
0A 18 00 00 00 00 00 00 16 18 24 00 97 19 00 B2 
32 00 00 0B 00 71 53 00 00 00 1B B5 11 00 00 00 
00 00 00 25 16 25 16 16 07 0C 0A 19 00 B2 32 00 
00 0A 00 BF 53 00 00 00 1B 8C 17 00 00 00 00 00 
00 16 0F 00 B1 32 00 00 12 20 2E FE FF FF 09 00 
72 FB FF FF 00 02 72 FB FF FF 0F 00 B0 32 00 00 
90 00 B1 32 00 00 93 19 00 B2 32 00 00 0B 00 6E 
53 00 00 00 1B 77 12 00 00 00 00 00 00 25 16 19 
00 B2 32 00 00 0B 00 71 53 00 00 00 1B B5 11 00 
00 00 00 00 00 25 16 16 16 A1 00 B0 32 00 00 FA 
90 90 2C 02 00 B1 32 00 00 16 93 91 19 00 B2 32 
00 00 0B 00 6E 53 00 00 00 1B 77 12 00 00 00 00 
00 00 25 16 2C 04 16 19 00 B2 32 00 00 0B 00 71 
53 00 00 00 1B B5 11 00 00 00 00 00 00 25 16 16 
16 25 16 16 A1 00 B0 32 00 00 A7 FA 91 00 B0 32 
00 00 2C 02 16 2C 60 16 16 16 07 09 0A 19 1B 39 
0D 00 00 00 00 00 00 16 0C 00 E6 35 00 00 00 1B 
EC 17 00 00 00 00 00 00 2C 05 16 9F 00 B0 32 00 
00 1E 1F 85 2B 3F 16 06 37 0C 0F 00 B1 32 00 00 
12 20 2E FE FF FF 09 00 73 FB FF FF 00 02 73 FB 
FF FF 0F 00 B0 32 00 00 12 20 2E FE FF FF 09 00 
1D FB FF FF 00 02 1D FB FF FF A2 00 B1 32 00 00 
91 90 00 B1 32 00 00 91 00 B0 32 00 00 2C 64 16 
16 92 1B 99 2E 00 00 00 00 00 00 24 01 16 FD 00 
B0 32 00 00 2C 64 16 16 16 16 0B 0B 0F 00 B0 32 
00 00 00 B1 32 00 00 A2 00 B0 32 00 00 91 90 00 
B1 32 00 00 19 00 B2 32 00 00 0B 00 71 53 00 00 
00 1B B5 11 00 00 00 00 00 00 25 16 16 19 00 B2 
32 00 00 0B 00 6E 53 00 00 00 1B 77 12 00 00 00 
00 00 00 25 16 16 16 A2 00 B0 32 00 00 A7 91 00 
B1 32 00 00 19 00 B2 32 00 00 0B 00 6E 53 00 00 
00 1B 77 12 00 00 00 00 00 00 25 16 16 16 16 07 
98 0B 19 00 B2 32 00 00 0A 00 C1 53 00 00 00 1B 
93 17 00 00 00 00 00 00 16 07 98 0B 19 1B 39 0D 
00 00 00 00 00 00 16 0C 00 E6 35 00 00 00 1B EC 
17 00 00 00 00 00 00 2C 05 16 9F 00 B0 32 00 00 
1E CD CC 4C 3F 16 07 02 0C 97 1A 2C 2D 35 FE FA 
FF FF AF F9 FF FF 00 00 19 00 B2 32 00 00 09 00 
61 53 00 00 00 01 61 53 00 00 25 16 9F 00 B0 32 
00 00 AF 1E 00 00 80 3F 12 20 2E FE FF FF 09 00 
AF FD FF FF 00 02 AF FD FF FF 16 16 07 37 0C 19 
1B 39 0D 00 00 00 00 00 00 16 0C 00 E6 35 00 00 
00 1B EC 17 00 00 00 00 00 00 2C 1E 16 9F 00 B0 
32 00 00 1E 33 33 33 3F 16 A1 19 00 B2 32 00 00 
09 00 5A 53 00 00 00 01 5A 53 00 00 00 B0 32 00 
00 16 07 1F 0D 1B 41 18 00 00 00 00 00 00 24 09 
16 07 E1 0C B0 12 20 2E FE FF FF 09 00 A0 FD FF 
FF 00 02 A0 FD FF FF 38 3F 26 16 A0 19 00 B2 32 
00 00 09 00 5A 53 00 00 00 01 5A 53 00 00 AC AE 
12 20 2E FE FF FF 09 00 A0 FD FF FF 00 02 A0 FD 
FF FF 38 3F 26 16 38 3F 2C 02 16 16 06 1F 0D A0 
19 00 B2 32 00 00 09 00 5A 53 00 00 00 01 5A 53 
00 00 12 20 2E FE FF FF 09 00 A0 FD FF FF 00 02 
A0 FD FF FF 16 0F 19 00 B2 32 00 00 09 00 5A 53 
00 00 00 01 5A 53 00 00 FA 2C 00 19 00 B2 32 00 
00 09 00 5A 53 00 00 00 01 5A 53 00 00 16 1B 96 
2E 00 00 00 00 00 00 24 11 91 19 00 B2 32 00 00 
09 00 5A 53 00 00 00 01 5A 53 00 00 2C 18 16 16 
04 0B 53 


EXPAND_UNDO=XGFacility_Barracks.DetermineTimeOut

OBJECT=XGFacility_Engineering.Init

REL_OFFSET=40

[MODDED_HEX]
00 00 00 00 00 00 00 00 00 00 00 00 00 00 00 00 
00 00 00 00 00 00 00 00 00 00 00 00 00 00 00 00 
00 00 00 00 00 00 00 00 00 00 00 00 00 00 00 00 
00 00 00 00 00 00 00 00 00 00 00 00 00 00 00 00 
00 00 00 00 00 00 00 00 00 00 00 00 00 00 00 00 
00 00 00 00 00 00 00 00 00 00 00 00 00 00 00 00 
00 00 00 00 00 00 00 00 00 00 00 00 00 00 00 00 
00 00 00 00 00 00 00 00 00 00 00 00 00 00 00 00 
00 00 00 00 00 00 00 00 00 00 00 00 00 00 00 00 
00 00 00 00 00 00 00 00 00 00 00 00 00 00 00 00 
00 00 00 00 00 00 00 00 00 00 00 00 00 00 00 00 
00 00 00 00 00 00 00 00 00 00 00 00 00 00 00 00 
00 00 6D 00 00 00 51 00 00 00 1B 8B 03 00 00 00 
00 00 00 16 0F 01 37 34 00 00 1C 50 FD FF FF 20 
8D 43 00 00 4A 4A 4A 4A 4A 4A 4A 16 19 01 37 34 
00 00 0A 00 00 00 00 00 00 1B 64 16 00 00 00 00 
00 00 16 07 6A 00 9A 36 01 3D 34 00 00 25 16 54 
01 3D 34 00 00 2C 09 16 04 0B 53 


EXPAND_UNDO=XGFacility_Engineering.Init

OBJECT=XGFacility_Labs.Init

REL_OFFSET=40

[MODDED_HEX]
00 00 00 00 00 00 00 00 00 00 00 00 00 00 00 00 
00 00 00 00 00 00 00 00 00 00 00 00 00 00 00 00 
00 00 00 00 00 00 00 00 00 00 00 00 00 00 00 00 
00 00 00 00 00 00 00 00 00 00 00 00 00 00 00 00 
00 00 00 00 00 00 00 00 00 00 00 00 00 00 00 00 
00 00 00 00 00 00 00 00 00 00 00 00 00 00 00 00 
00 00 00 00 00 00 00 00 00 00 00 00 00 00 00 00 
00 00 00 00 00 00 00 00 00 00 00 00 00 00 00 00 
00 00 00 00 00 00 00 00 00 00 00 00 00 00 00 00 
00 00 00 00 00 00 00 00 00 00 00 00 00 00 00 00 
00 00 00 00 00 00 00 00 00 00 00 00 00 00 00 00 
00 00 00 00 00 00 00 00 00 00 00 CE 00 00 00 9A 
00 00 00 0F 01 C1 37 00 00 1C 50 FD FF FF 20 5B 
55 00 00 4A 4A 4A 4A 4A 4A 4A 16 19 01 C1 37 00 
00 0A 00 00 00 00 00 00 1B 64 16 00 00 00 00 00 
00 16 1B 8B 03 00 00 00 00 00 00 16 1B 4E 34 00 
00 00 00 00 00 16 07 74 00 9A 36 01 CA 37 00 00 
25 16 54 01 CA 37 00 00 2C 4C 16 07 91 00 9A 36 
01 C9 37 00 00 25 16 54 01 C9 37 00 00 2C 4C 16 
07 AE 00 9A 36 01 C4 37 00 00 25 16 54 01 C4 37 
00 00 2C 0A 16 07 CB 00 9A 36 01 D2 37 00 00 25 
16 54 01 D2 37 00 00 2C 08 16 04 0B 53 


EXPAND_UNDO=XGFacility_Labs.Init



UPK_FILE=xcomgame.upk

OBJECT=XGGameData.EOTSTech

REL_OFFSET=16

[MODDED_HEX]
00 00 00 00 00 00 00 00 00 00 00 00 00 00 00 00 
00 00 00 00 00 00 00 00 00 00 00 00 00 00 00 00 
09 00 00 00 58 2A 00 00 00 00 00 00 59 2A 00 00 
00 00 00 00 5A 2A 00 00 00 00 00 00 5D 2A 00 00 
00 00 00 00 55 2A 00 00 00 00 00 00 56 2A 00 00 
00 00 00 00 5C 2A 00 00 00 00 00 00 5B 2A 00 00 
00 00 00 00 57 2A 00 00 00 00 00 00 


EXPAND_UNDO=XGGameData.EOTSTech

OBJECT=XGGameData.EFoundryTech

REL_OFFSET=16

[MODDED_HEX]
00 00 00 00 00 00 00 00 00 00 00 00 00 00 00 00 
00 00 00 00 00 00 00 00 00 00 00 00 00 00 00 00 
00 00 00 00 00 00 00 00 00 00 00 00 00 00 00 00 
00 00 00 00 00 00 00 00 00 00 00 00 00 00 00 00 
00 00 00 00 00 00 00 00 00 00 00 00 00 00 00 00 
00 00 00 00 00 00 00 00 00 00 00 00 00 00 00 00 
2F 00 00 00 4E 24 00 00 00 00 00 00 55 24 00 00 
00 00 00 00 44 24 00 00 00 00 00 00 4D 24 00 00 
00 00 00 00 46 24 00 00 00 00 00 00 5A 24 00 00 
00 00 00 00 47 24 00 00 00 00 00 00 48 24 00 00 
00 00 00 00 56 24 00 00 00 00 00 00 49 24 00 00 
00 00 00 00 45 24 00 00 00 00 00 00 42 24 00 00 
00 00 00 00 41 24 00 00 00 00 00 00 4F 24 00 00 
00 00 00 00 50 24 00 00 00 00 00 00 51 24 00 00 
00 00 00 00 57 24 00 00 00 00 00 00 58 24 00 00 
00 00 00 00 52 24 00 00 00 00 00 00 4A 24 00 00 
00 00 00 00 4C 24 00 00 00 00 00 00 43 24 00 00 
00 00 00 00 54 24 00 00 00 00 00 00 53 24 00 00 
00 00 00 00 59 24 00 00 00 00 00 00 85 29 00 00 
00 00 00 00 99 29 00 00 00 00 00 00 9A 29 00 00 
00 00 00 00 9B 29 00 00 00 00 00 00 9C 29 00 00 
00 00 00 00 9D 29 00 00 00 00 00 00 9E 29 00 00 
00 00 00 00 9F 29 00 00 00 00 00 00 A0 29 00 00 
00 00 00 00 7E 29 00 00 00 00 00 00 7F 29 00 00 
00 00 00 00 80 29 00 00 00 00 00 00 81 29 00 00 
00 00 00 00 82 29 00 00 00 00 00 00 83 29 00 00 
00 00 00 00 84 29 00 00 00 00 00 00 85 29 00 00 
01 00 00 00 85 29 00 00 02 00 00 00 85 29 00 00 
03 00 00 00 85 29 00 00 04 00 00 00 85 29 00 00 
05 00 00 00 


EXPAND_UNDO=XGGameData.EFoundryTech




{ backup script end }
